1 0.890625 0.41225961538461536 0.21514423076923078 0.7247596153846154
1 0.6875 0.328125 0.21033653846153846 0.5504807692307693
1 0.5204326923076923 0.27163461538461536 0.18269230769230768 0.45552884615384615
1 0.3942307692307692 0.23918269230769232 0.13581730769230768 0.4026442307692308
1 0.2692307692307692 0.20072115384615385 0.11658653846153846 0.33774038461538464
1 0.20432692307692307 0.18028846153846154 0.08413461538461539 0.3016826923076923
1 0.15264423076923078 0.16466346153846154 0.0733173076923077 0.2692307692307692
1 0.10336538461538461 0.14903846153846154 0.06490384615384616 0.24519230769230768
1 0.04567307692307692 0.12620192307692307 0.051682692307692304 0.22235576923076922
1 0.8713942307692307 0.12620192307692307 0.08052884615384616 0.21634615384615385
1 0.7860576923076923 0.1201923076923077 0.0889423076923077 0.20432692307692307
1 0.6382211538461539 0.1045673076923077 0.06129807692307692 0.18028846153846154
1 0.5913461538461539 0.10096153846153846 0.056490384615384616 0.1658653846153846
1 0.4495192307692308 0.0829326923076923 0.037259615384615384 0.14182692307692307
1 0.35096153846153844 0.07572115384615384 0.04927884615384615 0.11538461538461539
1 0.32211538461538464 0.07451923076923077 0.03365384615384615 0.11298076923076923