1 0.25961538461538464 0.8125 0.030048076923076924 0.05048076923076923
1 0.2824519230769231 0.8064903846153846 0.030048076923076924 0.056490384615384616
1 0.30528846153846156 0.8076923076923077 0.02403846153846154 0.05889423076923077
1 0.3269230769230769 0.8016826923076923 0.02403846153846154 0.052884615384615384
1 0.3485576923076923 0.8028846153846154 0.019230769230769232 0.056490384615384616
1 0.3737980769230769 0.8016826923076923 0.025240384615384616 0.05889423076923077
1 0.39302884615384615 0.7992788461538461 0.021634615384615384 0.06490384615384616
1 0.41586538461538464 0.796875 0.015625 0.0625
1 0.4423076923076923 0.8004807692307693 0.019230769230769232 0.0625
1 0.4639423076923077 0.7956730769230769 0.025240384615384616 0.06490384615384616
1 0.4879807692307692 0.7956730769230769 0.018028846153846152 0.06490384615384616
1 0.5132211538461539 0.7956730769230769 0.02403846153846154 0.06490384615384616
1 0.5360576923076923 0.796875 0.021634615384615384 0.0625
1 0.5576923076923077 0.7992788461538461 0.021634615384615384 0.052884615384615384
1 0.5793269230769231 0.7944711538461539 0.02403846153846154 0.056490384615384616
1 0.6021634615384616 0.7908653846153846 0.021634615384615384 0.0625
1 0.625 0.7908653846153846 0.019230769230769232 0.0625
1 0.6490384615384616 0.7908653846153846 0.015625 0.0625
1 0.6706730769230769 0.7956730769230769 0.019230769230769232 0.05889423076923077
1 0.6935096153846154 0.7956730769230769 0.021634615384615384 0.06490384615384616
1 0.7139423076923077 0.7956730769230769 0.02403846153846154 0.05889423076923077
1 0.7355769230769231 0.7932692307692307 0.02403846153846154 0.05889423076923077
1 0.7584134615384616 0.796875 0.021634615384615384 0.0625
1 0.7788461538461539 0.7992788461538461 0.019230769230769232 0.052884615384615384
1 0.8016826923076923 0.8004807692307693 0.021634615384615384 0.0625