1 0.15985576923076922 0.6598557692307693 0.203125 0.5516826923076923
1 0.5192307692307693 0.6442307692307693 0.20072115384615385 0.5396634615384616
1 0.8894230769230769 0.6346153846153846 0.21634615384615385 0.5432692307692307
1 0.6442307692307693 0.4375 0.13822115384615385 0.35697115384615385
1 0.3858173076923077 0.44350961538461536 0.14182692307692307 0.3449519230769231
1 0.109375 0.4483173076923077 0.11177884615384616 0.3485576923076923
1 0.7451923076923077 0.38822115384615385 0.13221153846153846 0.31009615384615385
1 0.9579326923076923 0.421875 0.08052884615384616 0.31850961538461536
1 0.45072115384615385 0.3125 0.08653846153846154 0.25961538461538464
1 0.31850961538461536 0.27884615384615385 0.09495192307692307 0.23317307692307693
1 0.18269230769230768 0.25841346153846156 0.1141826923076923 0.22115384615384615