0 0.3329326923076923 0.10697115384615384 0.056490384615384616 0.08533653846153846
0 0.3942307692307692 0.10576923076923077 0.06129807692307692 0.0829326923076923
0 0.46033653846153844 0.10576923076923077 0.057692307692307696 0.08774038461538461
0 0.5252403846153846 0.10576923076923077 0.05889423076923077 0.0829326923076923
0 0.5901442307692307 0.10096153846153846 0.057692307692307696 0.08533653846153846
0 0.6586538461538461 0.09735576923076923 0.057692307692307696 0.09014423076923077
0 0.7223557692307693 0.09615384615384616 0.05889423076923077 0.09134615384615384
0 0.33413461538461536 0.21875 0.06370192307692307 0.08774038461538461
0 0.46274038461538464 0.21514423076923078 0.05889423076923077 0.0829326923076923
0 0.5913461538461539 0.21153846153846154 0.06129807692307692 0.08533653846153846
0 0.7223557692307693 0.20793269230769232 0.0625 0.08774038461538461
0 0.39783653846153844 0.21754807692307693 0.06129807692307692 0.08533653846153846
0 0.5276442307692307 0.21514423076923078 0.06129807692307692 0.0829326923076923
0 0.6574519230769231 0.21033653846153846 0.06129807692307692 0.0829326923076923