0 0.3894230769230769 0.13221153846153846 0.055288461538461536 0.07692307692307693
0 0.44711538461538464 0.13822115384615385 0.052884615384615384 0.0733173076923077
0 0.4987980769230769 0.14903846153846154 0.05048076923076923 0.06850961538461539
0 0.5492788461538461 0.15384615384615385 0.04807692307692308 0.07091346153846154
0 0.3293269230769231 0.125 0.056490384615384616 0.07932692307692307
0 0.5973557692307693 0.15985576923076922 0.04567307692307692 0.06850961538461539
0 0.640625 0.16826923076923078 0.05048076923076923 0.06610576923076923
0 0.3317307692307692 0.22355769230769232 0.056490384615384616 0.07692307692307693
0 0.6394230769230769 0.2536057692307692 0.04807692307692308 0.06490384615384616
0 0.44711538461538464 0.234375 0.052884615384615384 0.0733173076923077
0 0.5504807692307693 0.2439903846153846 0.046875 0.0625
0 0.390625 0.23076923076923078 0.052884615384615384 0.0733173076923077
0 0.4987980769230769 0.23918269230769232 0.05048076923076923 0.07091346153846154
0 0.5973557692307693 0.24759615384615385 0.046875 0.0625